{'data': [[4, 2],
  [10, 5],
  [6, 2],
  [7, 1],
  [7, 3],
  [8, 1],
  [7, 5],
  [8, 6],
  [8, 5]],
 'parameters': {'link_criteria': 'min',
  'distance': 'euclidean',
  'matrix_type': 'distance'},
 'iterations': [{'dist_merge': 0.0,
   'clusters_labels': [[0], [1], [2], [3], [4], [5], [6], [7], [8]],
   'dist_matrix': [[0.0,
     6.708203932499369,
     2.0,
     3.1622776601683795,
     3.1622776601683795,
     4.123105625617661,
     4.242640687119285,
     5.656854249492381,
     5.0],
    [6.708203932499369,
     0.0,
     5.0,
     5.0,
     3.605551275463989,
     4.47213595499958,
     3.0,
     2.23606797749979,
     2.0],
    [2.0,
     5.0,
     0.0,
     1.4142135623730951,
     1.4142135623730951,
     2.23606797749979,
     3.1622776601683795,
     4.47213595499958,
     3.605551275463989],
    [3.1622776601683795,
     5.0,
     1.4142135623730951,
     0.0,
     2.0,
     1.0,
     4.0,
     5.0990195135927845,
     4.123105625617661],
    [3.1622776601683795,
     3.605551275463989,
     1.4142135623730951,
     2.0,
     0.0,
     2.23606797749979,
     2.0,
     3.1622776601683795,
     2.23606797749979],
    [4.123105625617661,
     4.47213595499958,
     2.23606797749979,
     1.0,
     2.23606797749979,
     0.0,
     4.123105625617661,
     5.0,
     4.0],
    [4.242640687119285,
     3.0,
     3.1622776601683795,
     4.0,
     2.0,
     4.123105625617661,
     0.0,
     1.4142135623730951,
     1.0],
    [5.656854249492381,
     2.23606797749979,
     4.47213595499958,
     5.0990195135927845,
     3.1622776601683795,
     5.0,
     1.4142135623730951,
     0.0,
     1.0],
    [5.0,
     2.0,
     3.605551275463989,
     4.123105625617661,
     2.23606797749979,
     4.0,
     1.0,
     1.0,
     0.0]],
   'point_aggregatewith': {'3': [5],
    '5': [3],
    '6': [8],
    '7': [8],
    '8': [6, 7]}},
  {'dist_merge': 1.0,
   'clusters_labels': [[0], [1], [2], [3, 5], [4], [6, 7, 8]],
   'dist_matrix': [[0.0,
     6.708203932499369,
     2.0,
     3.1622776601683795,
     3.1622776601683795,
     4.242640687119285],
    [6.708203932499369, 0.0, 5.0, 4.47213595499958, 3.605551275463989, 2.0],
    [2.0,
     5.0,
     0.0,
     1.4142135623730951,
     1.4142135623730951,
     3.1622776601683795],
    [3.1622776601683795, 4.47213595499958, 1.4142135623730951, 0.0, 2.0, 4.0],
    [3.1622776601683795, 3.605551275463989, 1.4142135623730951, 2.0, 0.0, 2.0],
    [4.242640687119285, 2.0, 3.1622776601683795, 4.0, 2.0, 0.0]],
   'point_aggregatewith': {'2': [3, 4], '3': [2], '4': [2]}},
  {'dist_merge': 1.4142135623730951,
   'clusters_labels': [[[0]], [[1]], [[2], [3, 5], [4]], [[6, 7, 8]]],
   'dist_matrix': [[0.0, 6.708203932499369, 2.0, 4.242640687119285],
    [6.708203932499369, 0.0, 3.605551275463989, 2.0],
    [2.0, 3.605551275463989, 0.0, 2.0],
    [4.242640687119285, 2.0, 2.0, 0.0]],
   'point_aggregatewith': {'0': [2], '1': [3], '2': [0, 3], '3': [1, 2]}}]}